   497.55957    
   66.824646    
   465.91534    
   247.92767    
  -132.60913    
  -19.363098    
  -426.24576    
  -494.64481    
  -152.91876    
  -157.75620    
  -282.04828    
  -366.83966    
   400.52448    
  -113.23404    
  -54.517761    
   161.93219    
  -483.89172    
   150.85480    
   146.40881    
  -177.01276    
   355.69238    
  -98.713104    
  -293.12567    
   468.53943    
   98.399536    
   172.98071    
  -43.117706    
  -169.98486    
  -399.61707    
   255.45331    
   105.69324    
   219.04791    
   397.33459    
   158.22913    
  -349.28320    
   112.31488    
   478.66022    
   499.14221    
  -243.20203    
   50.865356    
   159.04749    
   54.005066    
   477.76007    
   401.92328    
   157.92468    
   228.85846    
  -97.544800    
   428.62762    
  -352.16486    
   174.52924    
   269.61426    
  -160.67749    
  -384.18121    
   114.36914    
   320.61713    
   447.09460    
   231.12866    
  -2.3961182    
  -125.19830    
  -78.494202    
   52.903015    
   497.91925    
   490.39471    
   246.30963    
   453.75903    
  -406.72534    
   234.02362    
   251.76160    
   446.84845    
   206.17633    
   313.80963    
   58.594482    
  -438.29446    
  -19.619232    
   97.689758    
  -362.46814    
   87.395203    
   19.968201    
   385.87830    
  -196.18988    
   169.65729    
   164.94006    
   3.6768799    
  -238.42490    
  -423.44052    
  -398.75037    
   49.265686    
  -124.41510    
  -484.85052    
   292.91541    
   120.87750    
   273.60358    
   453.58075    
  -385.75568    
  -181.53738    
   96.819824    
  -451.84714    
  -385.79422    
  -284.03510    
  -399.42664    
  -426.65820    
  -253.13831    
  -56.615784    
  -291.63248    
   66.998291    
  -475.68762    
  -79.709473    
  -102.14697    
   476.58539    
   192.60504    
  -495.05670    
  -370.07898    
  -453.22275    
   339.77771    
   178.48877    
   81.950806    
   233.52588    
  -383.95728    
   340.29962    
   334.99591    
   246.53638    
   343.20087    
   28.838989    
   165.48462    
   230.73657    
  -89.395752    
  -144.27841    
   235.37701    
  -28.682343    
  -37.374603    
   259.69165    
   202.45941    
  -242.03421    
   437.70496    
  -43.896423    
   308.48926    
   408.84802    
   194.87659    
  -280.51151    
   354.95453    
   244.39667    
  -198.88699    
   171.96851    
   118.71405    
   467.57361    
   490.23926    
  -161.99350    
   420.76721    
  -160.92670    
   430.94348    
   46.528503    
  -34.487427    
  -323.08597    
  -122.00595    
  -324.77939    
  -143.14175    
   165.67639    
   118.54926    
  -31.052765    
  -183.74820    
  -231.12012    
  -300.07880    
  -84.572083    
   479.30286    
   43.211609    
  -370.48175    
   304.74164    
   345.82104    
   209.03284    
   28.973206    
   163.84082    
   400.73926    
   441.16425    
  -385.57977    
   366.66754    
   132.36804    
  -257.21228    
  -339.60425    
  -478.76434    
  -309.74603    
  -187.65991    
   309.64758    
   73.718506    
   326.26062    
  -213.54514    
  -339.48523    
  -169.07590    
  -234.14667    
   44.781067    
   53.520264    
  -478.38522    
  -351.25195    
  -395.09665    
   114.21375    
  -93.709045    
   401.52826    
   442.83807    
  -343.38016    
   436.95935    
  -364.52704    
  -128.71783    
  -178.48880    
   214.96423    
   229.70770    
  -121.40726    
   328.93439    
   453.66437    
  -191.58078    
   79.740601    
  -266.55115    
   344.40344    
  -241.86755    
   339.74359    
   37.656250    
   121.57037    
  -9.1752930    
  -215.15762    
  -264.44086    
   151.37988    
   107.17029    
  -101.85422    
   348.79462    
   137.61694    
  -241.17667    
  -141.16901    
   61.830078    
  -378.53152    
   478.46936    
  -116.79370    
   220.69873    
  -141.73602    
   409.88153    
   43.687195    
   459.67535    
   429.47284    
   133.32080    
  -204.39105    
  -325.26047    
   342.57861    
   118.58966    
   205.89288    
  -257.56006    
   297.96100    
  -108.98602    
  -390.04077    
   253.68793    
  -470.20285    
   200.66077    
   25.203369    
   252.55975    
   147.67786    
   371.08478    
   330.72125    
   457.18042    
  -277.73260    
   79.492737    
   490.76050    
   339.96729    
  -325.19452    
   209.54175    
  -198.44931    
  -474.95847    
   416.73962    
   188.80652    
   256.75781    
   432.72797    
  -444.99011    
  -1.0500488    
  -440.50104    
  -328.13394    
   188.36200    
  -193.37946    
   235.19012    
   252.16833    
  -104.27899    
  -412.21500    
  -451.03705    
   279.36182    
   180.77667    
  -188.43008    
   22.764648    
   5.7964478    
  -61.473969    
   87.639282    
  -202.67480    
  -205.10046    
  -426.21558    
   474.94574    
   228.16260    
   258.09039    
  -190.82379    
  -253.50171    
  -243.11273    
   118.06274    
   437.78821    
   492.18237    
  -275.18082    
   447.28400    
   347.78534    
   200.12628    
   54.443970    
  -58.416138    
  -250.81819    
   397.66272    
  -354.27020    
  -65.406372    
  -42.623810    
  -190.61948    
  -19.075378    
   189.74261    
   310.79883    
  -107.83560    
  -206.85132    
   75.978027    
   225.34180    
  -357.22668    
  -166.44455    
  -339.61023    
   34.594299    
   223.32526    
  -271.81970    
  -300.99356    
   472.61957    
   493.57135    
  -418.04803    
  -249.11940    
  -284.15106    
  -304.22290    
   350.26514    
  -455.31769    
   363.92108    
  -432.86627    
  -72.682678    
  -362.68121    
  -380.91254    
  -194.05048    
   113.23694    
   163.66327    
   395.90997    
   253.67932    
   129.87048    
  -279.01202    
  -16.162689    
   115.02032    
   487.65875    
   59.187561    
  -129.11600    
  -162.40530    
   245.42505    
   69.734863    
  -43.863342    
   148.18964    
   183.59607    
  -329.60950    
  -226.93390    
  -59.237549    
  -42.277985    
  -104.74335    
   188.33417    
  -201.11133    
  -294.77264    
  -307.71576    
  -81.000092    
   190.64520    
  -359.44458    
  -356.25873    
   162.46356    
   75.675171    
   274.95050    
   275.29657    
   265.35413    
   376.51068    
  -400.78622    
  -165.48438    
   145.09363    
  -368.38184    
   307.54364    
   41.872253    
  -234.24744    
  -41.125061    
   10.924988    
   4.8342285    
   461.77386    
   50.235168    
  -310.37122    
  -298.88110    
  -251.26242    
   470.09143    
   276.39203    
  -227.29956    
  -3.0493164    
  -101.24844    
   113.29633    
  -414.73138    
   237.00214    
   362.86920    
  -158.96494    
   194.44080    
   141.88318    
  -414.50439    
   207.98419    
   92.459595    
  -267.21347    
  -424.80219    
  -175.66406    
   413.09149    
  -295.71344    
  -47.232330    
   227.17334    
  -471.64209    
   17.029846    
   267.66125    
   394.36462    
   444.48999    
  -210.19388    
   31.465759    
  -267.17444    
  -187.22345    
  -358.47873    
  -157.41916    
  -346.47198    
   349.21643    
   472.05078    
  -59.076019    
   274.44128    
  -43.785706    
   364.50049    
   227.97510    
   137.33582    
   224.03882    
   104.21240    
  -473.70584    
  -207.23413    
  -302.80835    
   448.66205    
   31.846191    
  -489.64084    
  -47.864441    
   463.58289    
   486.11798    
  -159.08682    
   459.29132    
  -173.29193    
   204.23285    
   290.44763    
   223.56360    
   228.95569    
  -54.618134    
  -118.22079    
   422.22467    
   248.42328    
  -73.269958    
  -282.57281    
   229.41351    
   296.91498    
   58.423279    
   385.41669    
  -116.87427    
  -259.20337    
  -184.91681    
  -67.095337    
  -452.01743    
  -75.920288    
   237.32709    
   372.78564    
  -192.01291    
   343.31763    
   316.09210    
  -93.199310    
   364.98816    
   352.25043    
   12.082031    
   276.41412    
  -7.1399841    
  -295.14642    
  -54.869171    
  -66.445404    
  -445.28748    
   200.49609    
   419.23718    
  -110.98666    
  -251.12177    
  -133.65298    
   498.66364    
   162.07916    
  -320.26553    
   372.37610    
  -256.04248    
  -383.60809    
   318.21948    
   35.640320    
   488.05365    
  -83.694336    
   308.19800    
  -260.06168    
   470.25812    
  -123.68185    
   133.40045    
  -363.10040    
   268.47241    
  -398.80109    
   51.946167    
   331.65161    
  -122.74133    
   367.76770    
   124.66223    
   52.313599    
  -288.38968    
   322.71967    
  -136.39807    
  -269.47784    
  -170.88568    
   180.09265    
  -70.954987    
  -47.695160    
   427.60846    
  -53.768799    
   167.24915    
   280.85370    
   290.82709    
  -302.25980    
  -243.62064    
   176.80444    
   398.53088    
  -124.98599    
  -479.96341    
  -97.997772    
   490.96252    
   474.74951    
   470.27789    
   468.83716    
  -125.27304    
  -402.71597    
   250.72345    
   324.50995    
   224.44489    
  -132.94769    
   122.05200    
  -193.67737    
  -198.72308    
   176.38208    
   330.06403    
   56.323730    
   59.444885    
  -172.19614    
   230.70410    
  -341.74704    
   32.875183    
   284.19434    
  -284.21820    
  -174.68661    
   1.4502258    
  -277.08215    
  -33.501434    
  -313.20123    
  -304.89087    
  -293.08154    
   405.80585    
   299.91882    
   234.94843    
  -84.651947    
   310.98792    
   488.37408    
  -8.8797913    
  -280.68341    
   261.88202    
   407.30872    
   89.638367    
   370.61987    
  -461.39294    
   438.03363    
  -453.09723    
   397.08203    
  -480.25424    
   499.24420    
   480.19678    
   111.66174    
   87.567566    
   462.25372    
   393.41998    
  -297.78177    
  -487.26685    
  -245.00954    
   390.42804    
  -230.42511    
   389.01965    
   19.143860    
  -132.79385    
   483.82416    
   376.95142    
   181.44672    
  -137.53815    
  -301.80920    
  -312.77222    
   487.65540    
  -317.34167    
  -488.16736    
   443.71747    
  -8.0679626    
   480.52911    
   113.28418    
  -137.31296    
   32.377991    
  -354.20621    
  -367.16998    
  -118.81650    
   200.34137    
   49.730774    
   325.57129    
   37.339355    
   162.33270    
  -446.83087    
  -328.53516    
   118.65924    
   258.73267    
   410.05859    
   214.00006    
   240.01196    
  -143.29755    
   321.86121    
   52.055603    
   150.80267    
  -312.43359    
   318.30920    
  -477.60342    
   157.17902    
  -380.35846    
  -114.64877    
  -257.35504    
   465.34473    
  -14.709412    
   492.34961    
  -218.71884    
   478.42999    
   452.86902    
  -256.89203    
  -83.379150    
   235.78064    
  -304.71689    
   139.34076    
   129.68042    
  -397.13062    
  -361.25476    
  -45.078705    
   484.36713    
  -75.084747    
   204.80432    
  -134.60016    
  -299.62347    
  -90.408813    
  -260.77670    
   205.00446    
  -420.91919    
  -296.18228    
  -482.64838    
  -165.69000    
  -215.14273    
   345.41382    
  -5.5660095    
   210.10834    
  -245.35233    
   322.72351    
  -218.38535    
   124.79956    
   245.80688    
   373.93457    
  -372.10632    
  -220.81668    
   423.47614    
   486.30127    
   289.29138    
  -152.07333    
   264.32471    
  -306.90857    
  -435.58884    
  -454.77939    
  -353.48175    
   306.90338    
   156.01880    
  -255.32513    
  -175.63510    
   483.67334    
   113.75275    
  -207.47745    
  -4.4380493    
   236.12885    
  -460.46741    
  -484.34149    
  -21.476379    
   276.61652    
   406.92590    
   415.19360    
  -166.17072    
  -200.68652    
   328.70221    
  -40.637207    
  -485.15576    
  -160.90225    
  -441.80255    
  -407.22650    
   151.73108    
  -104.81339    
   119.92999    
   325.21991    
  -160.92361    
  -191.53207    
  -139.07892    
  -88.314301    
  -39.052307    
  -117.58704    
   143.11694    
  -258.34811    
   215.67804    
   356.80182    
  -336.05920    
   231.30408    
   9.9183350    
  -219.83588    
   493.05621    
   261.24683    
  -467.28116    
   206.66052    
   172.08679    
  -409.95795    
  -38.808228    
  -236.16159    
  -144.50912    
   223.13843    
  -472.70734    
   84.839783    
   194.24506    
  -389.30725    
   26.257202    
   493.67682    
   226.25354    
   260.48730    
  -296.38184    
   363.25269    
  -307.50430    
  -411.84033    
  -258.71875    
   410.52319    
   329.85876    
  -422.45428    
   371.47644    
   57.190125    
  -102.81302    
   499.30969    
   270.01880    
   285.66144    
   253.39532    
   60.220764    
   194.42346    
   375.60907    
  -485.66299    
  -214.25873    
  -318.67493    
   307.71558    
   52.539673    
  -14.160919    
   36.738953    
  -454.65707    
  -356.16144    
   280.13055    
   270.62439    
  -340.47131    
  -31.040253    
  -336.98392    
   48.852539    
  -194.96210    
  -345.58398    
   75.020996    
  -355.91232    
  -306.70303    
   191.07959    
   450.18823    
  -368.58905    
   209.99414    
  -120.26865    
  -102.01913    
  -498.99399    
  -86.810425    
   303.81329    
   377.86438    
  -359.21103    
  -456.94870    
   65.649658    
  -441.79816    
   371.35376    
  -155.68375    
  -10.166473    
  -217.78345    
  -261.43713    
   49.647827    
   213.87244    
   402.82684    
   257.37482    
   39.225952    
   145.92126    
   276.94971    
